-3.666042772755710555e+00 -1.354034045402924491e+00
-3.690832892775379293e+00 -1.314832851715468376e+00
-3.392614834501471499e+00 -1.341882701995980920e+00
-3.589172638400447646e+00 -1.281022845220858519e+00
-3.716130321661293312e+00 -1.317444528010578653e+00
-3.731186679638438530e+00 -1.339903554875250702e+00
-3.764250034607461437e+00 -1.336879874790658507e+00
-3.742009651354597732e+00 -1.268447374549502182e+00
-3.417469909060575795e+00 -1.307113238020050083e+00
-3.256348256176098577e+00 -1.318382282449024334e+00
-3.833776243520918836e+00 -1.379083047979140275e+00
-3.912842125110931768e+00 -1.330035217322414143e+00
-3.643743524338792117e+00 -5.423146338339965844e-01
-3.483263764016189867e+00 -1.239654251606478352e+00
-3.053927105431798683e+00 -1.356297745946443145e+00
-3.904947950109919574e+00 -1.350794133569971578e+00
-3.829979460874346930e+00 -1.343622079792166524e+00
-3.879270310195371163e+00 -1.374607324310226808e+00
-2.876954953719497166e+00 -1.372636963824469536e+00
-4.140904380572822951e+00 -1.355206837710818180e+00
-2.913276444317586034e+00 -1.418648955210180418e+00
-3.675644425231841428e+00 -3.480472273197993682e-01
-3.954361225805429036e+00 -1.391009970096182657e+00
-4.097519966532827240e+00 -1.363742396442734872e+00
-2.848764101897939494e+00 -1.387584462853014511e+00
-3.707531397454004729e+00 -3.366076335303443967e-01
-4.188041766108704600e+00 -1.414656643968423833e+00
-2.872986216639089374e+00 -1.409952912670546565e+00
-3.681867060320756835e+00 -1.352661964924501747e+00
-2.832792137458000070e+00 -1.424271848059554868e+00
-2.814665517187092014e+00 -1.468736279515770793e+00
-2.709646085112635827e+00 -1.455119467519265797e+00
-3.633020883869781059e+00 -1.861810254646210361e-01
-4.261048308864547884e+00 -1.407630272148026718e+00
-4.311462394185688218e+00 -1.380860879820039244e+00
-2.640078474189164304e+00 -1.457133745203207598e+00
-4.146521330381799153e+00 -1.413917889750921031e+00
-2.687661545487756154e+00 -1.402091209338639510e+00
-3.690320302348783610e+00 -1.726286912113722816e-01
-2.658836419567864873e+00 -1.442652028476103743e+00
-3.718570988173138581e+00 -1.195270909695159561e-01
-3.692487832198028563e+00 -1.207901864018167820e-01
-2.605585715071494501e+00 -1.462875144647356240e+00
-4.136591120965487534e+00 -1.563395901432449886e+00
-2.569512702883923527e+00 -1.466812055102699963e+00
-2.564671997520231450e+00 -1.457458585230628323e+00
-3.657294807302094775e+00 4.650858343119032567e-02
-2.447467620226944973e+00 -1.492365269956133167e+00
-3.638377824521141779e+00 -1.625154866561248079e+00
-3.000685466889597919e+00 -1.552827260398738529e+00
-6.444791716071168963e+00 2.840799447021576718e+00
-6.975512933609819832e+00 2.652608204862937136e+00
-6.603433024654903782e+00 2.808642423656197984e+00
-6.888187973350076376e+00 2.739152072503328927e+00
-7.058690165376402703e+00 2.696035920234919114e+00
-6.410330606437351975e+00 2.882837152654932122e+00
-6.492522571438184009e+00 2.816363866796037563e+00
-6.335235257297858524e+00 2.821478313672723726e+00
-7.054038803667300073e+00 2.745232381560096524e+00
-6.369295500854717851e+00 2.812701748516051037e+00
-6.652014538022267942e+00 2.548337925624171607e+00
-6.390232264081832980e+00 2.824816022295719709e+00
-6.316414749113394400e+00 2.837744020266826261e+00
-6.328122575472866274e+00 2.808972888294027470e+00
-6.897397923767838002e+00 2.725129266941084705e+00
-6.496086833018504869e+00 2.866311165126260718e+00
-6.376372719547262591e+00 2.941851944852885037e+00
-7.377984005587681082e+00 2.855218857832495516e+00
-6.813838986853046897e+00 2.521782575723530595e+00
-7.445234154408606031e+00 2.842955330623296639e+00
-6.403671392422816133e+00 3.127173119155445491e+00
-7.275138406588260942e+00 2.696102337640159163e+00
-7.339132440438508098e+00 2.765510737891923476e+00
-7.444235429431088846e+00 2.801156386375405205e+00
-7.484975044047342152e+00 2.898631377200503234e+00
-7.534226808891209437e+00 2.827739741576585253e+00
-6.142385638041809592e+00 2.905647519070779783e+00
-6.212874745264763909e+00 3.004663630907968397e+00
-6.088842635820739702e+00 3.054298731902792774e+00
-7.682421250378106414e+00 2.781855638527939600e+00
-6.041397412953667612e+00 2.950513802870633917e+00
-7.613817834829795572e+00 2.806900438294519962e+00
-5.959494932236769849e+00 2.964328300421923412e+00
-7.619689711205460014e+00 2.871736487430313733e+00
-7.171666196928065062e+00 3.248565296468173269e+00
-6.020437441965255765e+00 3.156096477247170462e+00
-7.393046212038439258e+00 2.543503291163600633e+00
-7.749488483772050351e+00 2.862210421841816732e+00
-7.350789123739930986e+00 2.611241861960705624e+00
-6.177321337525354394e+00 3.353439926611354593e+00
-7.315162248601578376e+00 2.535684592618145494e+00
-6.080162254374909203e+00 3.089297611340047656e+00
-7.387976394629105492e+00 2.332380023732115060e+00
-7.075537334960648295e+00 3.595676651105000676e+00
-7.583511797983320868e+00 2.395461826496596558e+00
-7.768911283820854052e+00 2.803887264236414545e+00
-7.507966580630560216e+00 2.365692843629087161e+00
-6.028275716564205133e+00 2.797582194913426967e+00
-6.581005796798698348e+00 2.319282678065879733e+00
-6.145572796831252127e+00 2.515915490659163201e+00
-4.559692297899685443e+00 -6.141470422362911741e+00
-4.664306338408722219e+00 -6.249091549113246380e+00
-4.501198198756872770e+00 -6.248657373992418052e+00
-4.499090720158367418e+00 -6.264356900044558252e+00
-4.789626853909854987e+00 -6.310328730034074241e+00
-4.525643765716266920e+00 -6.329808981771977372e+00
-4.740239834104820638e+00 -6.337370679304941135e+00
-3.680346930795720617e+00 -7.167641708205298556e+00
-4.709293625784519932e+00 -6.338353892781125154e+00
-4.757556824861330469e+00 -6.340734769437957219e+00
-4.469148678415725051e+00 -6.346578609419839090e+00
-3.648861788827252539e+00 -7.243560458762885901e+00
-3.655726106869799263e+00 -7.183792348074440781e+00
-4.766856218195310468e+00 -6.319153683542394262e+00
-4.790130988969745651e+00 -6.398533357855824555e+00
-4.376996539488215987e+00 -6.363964330882083686e+00
-4.819573263410339869e+00 -6.406418663507431610e+00
-4.957885796132226019e+00 -6.383307371269822283e+00
-4.925506243541639684e+00 -6.415227012928197858e+00
-4.897938595910571458e+00 -6.422441497398028609e+00
-4.833721971824146202e+00 -6.316626479250163406e+00
-4.976999617885073057e+00 -6.427758879473976172e+00
-3.645788106597355860e+00 -7.241545031833978463e+00
-4.811098631882345877e+00 -6.357577909169839003e+00
-3.574125627858194765e+00 -7.317244277737470881e+00
-3.616782795661091843e+00 -7.338309939044391328e+00
-3.597900602104555645e+00 -7.300615872531086126e+00
-3.566606972517433860e+00 -7.437597841775129837e+00
-4.979855250022850122e+00 -6.342654061270100563e+00
-3.557601656275720892e+00 -7.337416503211692920e+00
-5.035249049976882496e+00 -6.198598318981696664e+00
-5.076472727743202462e+00 -6.383436970388697063e+00
-3.518076305361721889e+00 -7.392713089196140785e+00
-5.095057781782199591e+00 -6.082884867555184094e+00
-5.125133214086339706e+00 -6.423163428266805752e+00
-5.087433562326673098e+00 -6.278206045263727830e+00
-4.761497716917578060e+00 -5.819822870577686658e+00
-4.768480588242564266e+00 -5.979704965754718771e+00
-3.469898269680423919e+00 -7.484142825239774588e+00
-3.538495447652477477e+00 -7.450689310387213382e+00
-4.295826204399246784e+00 -6.197795646477795017e+00
-5.253038270954142774e+00 -6.065762098565284255e+00
-5.090117939782134115e+00 -6.458285767586696480e+00
-5.124815576459234912e+00 -6.472590044891266103e+00
-3.453685951128774079e+00 -7.558257058468186074e+00
-3.481429620990307505e+00 -7.530083797891958142e+00
-5.328923151241681921e+00 -6.528816381647817302e+00
-5.142724287810835015e+00 -6.511663849523620762e+00
-3.443579767022618476e+00 -7.509536406746224912e+00
-3.511519354760198386e+00 -7.408698169704988956e+00
5.664909299606019744e+00 -7.951717664914385031e-01
5.387963077656380939e+00 -7.557573934969898932e-01
5.710832390932765179e+00 -8.034775559369291553e-01
5.441812094808679667e+00 -1.345240521432875092e+00
5.469215248914388816e+00 -6.951344765573643780e-01
5.507249567766394627e+00 -6.585108895715636734e-01
5.881169349281694991e+00 -7.885518769865379474e-01
5.446269077142704695e+00 -6.629685625897554502e-01
5.456290458418074252e+00 -1.456457954726438686e+00
5.403441458735741776e+00 -6.427722209518021979e-01
6.044675111535891432e+00 -8.583148298845413304e-01
5.768184450169543176e+00 -7.285226467725216537e-01
5.445723140067881829e+00 -5.878323764301141008e-01
5.489274444291415200e+00 -6.092203171572257991e-01
5.492058541375615555e+00 -5.771835674236157621e-01
5.316749532185996330e+00 -5.856067274925554900e-01
5.907773715606390752e+00 -5.568218710439613028e-01
5.320130272001119209e+00 -5.908024372558893234e-01
5.398986164473532412e+00 -6.948832314005581878e-01
6.132307845437788174e+00 -7.918355463896823432e-01
5.257836166127404454e+00 -5.113261548295909842e-01
6.252622163335712635e+00 -7.724213421970644866e-01
6.164558468781099698e+00 -8.230003882331490273e-01
5.933230675060940484e+00 -9.211175455070528262e-01
5.933626440921080381e+00 -4.717300687467771980e-01
5.247752203631064205e+00 -5.131639697578179726e-01
5.451268638614594764e+00 -1.581624124648419505e+00
5.451097264265996500e+00 -1.661755739739756876e+00
5.159518048781837507e+00 -4.812527330275738202e-01
6.067517852055116734e+00 -7.163505819198000557e-01
6.246988543579841568e+00 -8.264981639690950344e-01
5.397762405613749870e+00 -1.760857128842702624e+00
6.349016096831842759e+00 -8.105905777747952623e-01
5.238057509649757471e+00 -3.078160666280594371e-01
5.444674666983495115e+00 -1.783181518256901077e+00
6.149437797592881338e+00 -7.259138350124699768e-01
6.513335147644712997e+00 -5.439238846990264165e-01
5.266148350042484161e+00 -3.633981189290917402e-01
5.082204003130201819e+00 -3.811151780150349166e-01
5.271300284514208734e+00 -2.966199208540877263e-01
5.687950484814860097e+00 1.884482521535072452e-01
6.497687267160455526e+00 -8.985606383844083611e-01
4.911160796069677481e+00 -4.062921562194545810e-01
5.401292667478373666e+00 -1.807934178153163041e+00
6.509994590273969095e+00 -9.522313694806544548e-01
4.815653680756695643e+00 -3.615672511531126676e-01
6.148729658028059930e+00 -3.774951261686982917e-01
6.060612787548292246e+00 -7.114508667750720772e-01
6.181468484624788040e+00 -1.347984578536890465e-01
5.929590075586402165e+00 2.629949597755798854e-02
8.879229680748512266e+00 5.594269575483110657e+00
8.887600473315016458e+00 5.585307324480721647e+00
8.885468034203869436e+00 5.600150979234389759e+00
8.898172987771038933e+00 5.577670996516403967e+00
9.741150632381714303e+00 5.841621288008292723e+00
8.952446120916400574e+00 5.595055077452449233e+00
8.245164069043864785e+00 6.004851376509322769e+00
8.939104102370615479e+00 5.594948461166891818e+00
8.181404330931490776e+00 6.063592475043806829e+00
8.889442053580673075e+00 5.627382564738730331e+00
8.932132771738865884e+00 5.615977124432678380e+00
8.946907015553652087e+00 5.586914086547104752e+00
8.953689955992247818e+00 5.582227588315288536e+00
8.987467869655576536e+00 5.613263119429595882e+00
8.214424144199480082e+00 6.053014864707700227e+00
8.227295473566936579e+00 6.040287656429480734e+00
8.864401711533586692e+00 5.594387978466399680e+00
9.929551214751585420e+00 5.878126673455610351e+00
9.024932967641046133e+00 5.565942925608770686e+00
9.915851617978931998e+00 5.892225476529084460e+00
8.995436244799444481e+00 5.577458704326020644e+00
8.086633516719162529e+00 6.120764671354991471e+00
8.980318846249105036e+00 5.505227280972063042e+00
9.025951414330624090e+00 5.512861813013847367e+00
9.158355752105068248e+00 5.566236439766576005e+00
9.956034798168598599e+00 5.898230616372421409e+00
1.004254504635118295e+01 5.901187612323614218e+00
1.005739481344532926e+01 5.931755269357293692e+00
8.975628376733331137e+00 5.526953465690417566e+00
8.940336316541509731e+00 5.438336504838368057e+00
9.040983496682731158e+00 5.467244485604416226e+00
8.072309837131092181e+00 6.127764113575893568e+00
8.077039654545092873e+00 6.120613229975963243e+00
1.013420228684467617e+01 5.924928176047130179e+00
1.018495808072409226e+01 5.943836294825915800e+00
1.016149033516236777e+01 5.944163583399470596e+00
1.016803640870870673e+01 5.938403075396430530e+00
8.801539404719946447e+00 5.149707916751809833e+00
8.876206386205851118e+00 5.233246763840309512e+00
8.734464487774621588e+00 5.286526623078895426e+00
8.041548366880912013e+00 6.145918256285697545e+00
1.011363258209924254e+01 5.936097702986346647e+00
7.980737253474990744e+00 6.181194604957688021e+00
1.029707029567017607e+01 5.965603228802384805e+00
8.029774134484494397e+00 6.139025901102480809e+00
1.040426405536195276e+01 5.983207799211290201e+00
1.023171263647537010e+01 5.970017472263418057e+00
7.925501387072581672e+00 6.221893284056653428e+00
8.398714228419500216e+00 5.806347161474129770e+00
8.189737821260422379e+00 5.966861820352777457e+00
