-3.853025605504936557e+00 -7.849515570625962724e+00
-3.851027840689599024e+00 -7.842029385189260182e+00
-3.835378891178278682e+00 -7.776158182051351453e+00
-3.837775934076824047e+00 -7.782903709119654678e+00
-3.858308499956371040e+00 -7.874107718106238885e+00
-3.828949356367865597e+00 -7.745059211351438933e+00
-3.803980352086048011e+00 -7.636728488283161198e+00
-3.836685945369843864e+00 -7.780260329130732622e+00
-3.834261313813859040e+00 -7.766682263756353954e+00
-3.857574311602694372e+00 -7.867551790846737170e+00
-3.863445527208165586e+00 -7.895115156945496260e+00
-3.841504629226766276e+00 -7.801260473698844677e+00
-3.833723055295338522e+00 -7.771787994734157046e+00
-3.870844603180301657e+00 -7.931736116056726793e+00
-3.863923894369331258e+00 -7.900520096845612628e+00
-3.838783182295394170e+00 -7.789549327368099796e+00
-3.850187509492152493e+00 -7.845185375396159344e+00
-3.796967958460290671e+00 -7.617150125810724148e+00
-3.716134554766216347e+00 -7.257257023419279918e+00
-3.773364753541477157e+00 -7.505289586058706774e+00
-3.683765966861916041e+00 -7.116497196626720090e+00
-3.678908144870229435e+00 -7.100162498373984832e+00
-3.625514196417603419e+00 -6.857586101865392081e+00
-3.594626791085044903e+00 -6.732040405088436152e+00
-3.553406858430880000e+00 -6.535862275430835311e+00
-3.585022862368905550e+00 -6.702097242328767912e+00
-3.435006293403670696e+00 -6.025036567415520850e+00
-3.472110718174088007e+00 -6.179293767586693242e+00
-3.435057062561621244e+00 -6.051581429815946045e+00
-3.378957355540087804e+00 -5.790476203472921135e+00
-3.387746229274983367e+00 -5.856809769690536349e+00
-3.337291390175728623e+00 -5.657131865858948672e+00
-3.355318022388969812e+00 -5.725722440828676874e+00
-3.604121412651916323e+00 -6.012597301263771676e+00
-3.311139937010024958e+00 -5.562887627364154319e+00
-3.324006762358176381e+00 -5.599126698462979057e+00
-3.362249874121288951e+00 -5.729397872857805218e+00
-3.308089431382596590e+00 -5.542565338966858768e+00
-3.291438130142123608e+00 -5.464627146839943883e+00
-3.162373959743046914e+00 -4.983940877550256943e+00
-3.197452952765912126e+00 -5.114790227116454702e+00
-3.039271732145387706e+00 -4.519573931232458541e+00
-3.059354421344178565e+00 -4.591659803014536578e+00
-3.102625993271180604e+00 -4.724656015598601932e+00
-3.005762260146704890e+00 -4.392854425729213474e+00
-3.036830582454748129e+00 -4.496508823877546135e+00
-3.032754716471202983e+00 -4.471720519902579127e+00
-3.053373070309159498e+00 -4.530213978434343147e+00
-3.003111199832888989e+00 -4.365635287536123954e+00
-2.856544288002653698e+00 -3.878894732139360979e+00
-2.918128341391244440e+00 -4.081390001733746331e+00
-2.818903003431958432e+00 -3.743427466253073099e+00
-2.855407992620025759e+00 -3.847297072756906022e+00
-2.846682347644725830e+00 -3.807910045949078892e+00
-2.726220583164221001e+00 -3.425863258602288131e+00
-2.681874048283195755e+00 -3.294460652854541038e+00
-2.853427385847052911e+00 -3.844102830524560144e+00
-2.663182153243054628e+00 -3.229531251378557233e+00
-2.627665244828672808e+00 -3.119517331177458885e+00
-2.436525683047168656e+00 -2.525011505013146529e+00
-2.508461254913974425e+00 -2.732464806067701257e+00
-2.511097813595662309e+00 -2.751530965537640760e+00
-2.393279791627197284e+00 -2.391386227077183957e+00
-2.396872093981734952e+00 -2.392168584793706643e+00
-2.549176352338185403e+00 -2.837702609817533084e+00
-2.429956750363397422e+00 -2.488242391228662420e+00
-2.427572347498876404e+00 -2.481082631890094259e+00
-2.299903021586826579e+00 -2.115424274942621086e+00
-2.252952874304857023e+00 -1.991159154006018062e+00
-2.386287963715714167e+00 -2.322030949528087085e+00
-2.199236538115473927e+00 -1.841993446390225220e+00
-2.172960965070023232e+00 -1.760768602942739403e+00
-2.367507444819309192e+00 -2.303107280493665421e+00
-2.159672829789058390e+00 -1.716439261365084068e+00
-2.077470270264801133e+00 -1.515359966277619375e+00
-2.135080128317877524e+00 -1.637399952923613844e+00
-2.133091928133107995e+00 -1.641720842187823104e+00
-1.928535455048068004e+00 -1.143864077580313943e+00
-1.128867953628105214e+00 8.119912320225852742e-01
-2.107074962876736901e+00 -1.547787408149762456e+00
-1.933313111684904273e+00 -1.142340663507815490e+00
-1.080210126686559802e+00 8.900133870336829345e-01
-1.398688896841164819e+00 4.544786050468118122e-01
-1.393124619434794154e+00 5.207167341959393347e-01
-1.398228457171936112e+00 4.592934922782137552e-01
-1.404991278628372475e+00 4.612592305852296071e-01
-1.424717214723885794e+00 4.706877260754024350e-01
-1.602547511332725882e+00 2.312747788672741556e-01
-1.469422409043756428e+00 3.914718845753388798e-01
-1.419613694260738690e+00 4.838467633106204313e-01
-1.421011126925896928e+00 5.124467315849002835e-01
-1.619011100443065843e+00 3.212162950641802017e-01
-1.013869355614814616e+00 1.081853883169475727e+00
-1.394359581049641195e+00 5.212023091735035196e-01
-1.536731814208558422e+00 3.588915063665974459e-01
-1.394296719022661168e+00 4.974567167865068806e-01
-1.187660298461949537e+00 6.906121958196518307e-01
-1.141165567672057568e+00 7.830080170920706850e-01
-9.763178392463908173e-01 6.210100578755037848e-01
-9.455697917120984286e-01 7.216880948336269475e-01
-5.135112251522059301e-01 9.019302971902276589e-02
-9.103491802253135257e-01 1.288053053123794589e+00
-1.051502679597742462e+00 1.024755764048951523e+00
-9.366601041289859264e-01 1.047166984383831378e+00
-8.806417765103492501e-01 1.406902832574066231e+00
-8.505042059870340232e-01 1.208874986936868901e+00
-8.624870805020332654e-01 1.415483603233890220e+00
-9.037330474655408397e-01 1.289891780026010570e+00
-1.135279273853166293e+00 1.641869885507950988e+00
-1.035528860196190504e+00 1.736448860087110635e+00
-1.012019724787502017e+00 1.821843088613997574e+00
-1.322102591957586171e+00 2.011632622633345857e+00
-1.314472871816562805e+00 2.037147328155091586e+00
-2.014172650391237163e+00 1.936685043511427784e+00
-1.405898384131716972e+00 2.119830622554904842e+00
-1.689149024769601160e-01 2.198635927557456515e+00
-1.814356543185839943e-01 2.205670002226809867e+00
7.467323751730729764e-02 2.491280028554224479e+00
5.685474485006795226e-02 2.494080296577126710e+00
4.387033032562140944e-01 2.881186305159896488e+00
2.388018110851781450e-01 2.664456473410746540e+00
5.564152497407662823e-01 2.962242763193532191e+00
-3.648556169752539269e-01 2.742877380742124949e+00
6.193385727167193266e-01 3.015187053703380027e+00
6.237268501633754791e-01 3.031504126219453532e+00
6.549606368554217184e-01 3.046457596541407131e+00
7.030913998576256985e-01 3.080498693371713337e+00
5.567017637577754696e-01 2.941324136529686495e+00
6.939958039073604867e-01 3.102681199397666401e+00
7.579469043398400219e-01 2.268148114985605535e+00
7.512130921156896513e-01 3.175857387446224145e+00
1.046855923287665968e+00 3.508605047201732052e+00
1.087040612938670270e+00 3.571906002711993544e+00
9.989944599130297087e-01 3.484947735222157839e+00
5.463137017695692821e-01 2.956473725695274890e+00
1.284935435802600168e+00 3.754935674781008537e+00
1.242890672246545813e+00 3.722232185875840038e+00
1.276890006780880604e+00 3.759979536016699431e+00
9.722829815025636480e-01 3.927383467859728583e+00
1.046299482057136077e+00 3.807133866892956853e+00
6.580470800141990928e-01 4.101611463803613411e+00
1.487296384402921889e+00 3.802712230692498530e+00
1.784689862451780629e+00 3.965769778956610203e+00
2.424195941175817826e+00 4.311678898857060460e+00
1.892425738026903392e+00 4.029534582941828091e+00
1.919733384428493173e+00 4.041007831189189048e+00
2.244040444277497048e+00 4.238884564949063183e+00
2.117734190847467612e+00 4.109295102223410545e+00
2.545248461299433718e+00 4.340827505396149810e+00
2.241056927251020792e+00 4.106652355337873317e+00
2.477393023517096449e+00 4.292293946246575231e+00
2.696725146145345864e+00 4.377977897811992314e+00
2.870045436731399224e+00 4.459920509988942072e+00
2.852998474289893505e+00 4.573477834530009112e+00
2.956808227618181295e+00 4.630668347444126809e+00
3.188633912781388080e+00 4.724066779752571499e+00
3.154567004343323600e+00 4.729913217503291634e+00
4.084692339265409977e+00 4.884211721971299269e+00
3.135008387100583604e+00 4.703987799486529120e+00
3.107323351093264741e+00 4.708634128451799405e+00
3.206874517072586972e+00 4.767803788589578318e+00
4.417556295913380282e+00 4.970950664852644252e+00
3.397108005764765348e+00 4.836892039360387585e+00
3.623953432772039296e+00 4.837899694348913648e+00
3.626308859135731755e+00 4.877260701521022312e+00
3.917535239684304393e+00 4.083413292670358352e+00
3.683303346106995058e+00 4.853125820916678990e+00
3.753728118165318595e+00 4.853652157478198781e+00
4.304032286416112463e+00 4.959226018292536509e+00
4.740780252666712435e+00 5.006248977809827139e+00
4.093296937120056711e+00 4.920756626524513955e+00
4.518098989343175553e+00 5.012698910555274168e+00
4.570359554510955213e+00 5.023164197535082032e+00
4.656320398730378507e+00 5.052615963654526254e+00
6.278128106455406865e+00 5.168897543021083507e+00
5.056605020267906703e+00 5.039563533881352697e+00
6.243718725573523365e+00 5.174186706228439014e+00
6.282892297320339381e+00 5.158149831178365119e+00
5.917462354737788921e+00 5.165775077701264095e+00
6.305379349759375529e+00 5.198092514200377323e+00
6.326948942059200220e+00 5.189482107827589452e+00
6.294537180082129701e+00 5.196248418908375299e+00
6.163600374592561160e+00 5.197515376750517113e+00
6.692009027353679862e+00 3.878192895087574144e+00
6.422047614692415252e+00 5.207092554803706363e+00
6.372694622242415008e+00 5.209289266251743378e+00
7.251567746308160700e+00 4.967051619282138120e+00
6.663872153061417336e+00 4.166358903900783339e+00
6.202994386263196880e+00 5.268267215242276258e+00
7.023236376832713290e+00 5.096511334511437674e+00
6.660688665574271639e+00 5.295920298336401544e+00
7.325035088684742846e+00 5.127889546862502534e+00
6.580321297796656310e+00 5.023808939710806776e+00
6.188173217961018047e+00 5.252230796731006457e+00
6.579449877632957744e+00 5.379966354416584551e+00
6.635760559048641483e+00 5.212712469956832351e+00
7.176173340885753760e+00 5.008887812675376416e+00
7.232343373960738120e+00 4.703463380310393127e+00
6.829973140364102413e+00 5.287211115315972876e+00
6.648790405616511023e+00 5.301448805065154701e+00
