-5.458394611370520622e-01 5.407356066423244650e-02
-5.437481727459724246e-01 3.557392619604492212e-02
-5.451965772395279686e-01 3.176699594374370050e-02
-5.461012021671479699e-01 4.025515554262855400e-02
-5.361736957146387983e-01 3.856527266270548537e-02
-5.494572900141182492e-01 7.067963277758183838e-02
-5.440694587700272145e-01 3.591305867688755066e-02
-5.255854652783492620e-01 5.844565847819076232e-02
-5.325927168753050722e-01 9.054633773436604471e-02
-5.442915894807184296e-01 8.621125146274331852e-02
-5.346145939348343479e-01 3.031760819946757030e-02
-5.756756034029590907e-01 1.206290730529346322e-01
-5.422231284004439544e-01 9.608501662305753144e-02
-5.210726912716069359e-01 4.074768302280361298e-02
-5.382103619616529500e-01 8.885857961327113530e-02
-5.404205987452403992e-01 1.393004502806609313e-02
-5.290236136588855054e-01 4.821540831945931443e-02
-5.529018835136561005e-01 8.556295096131649736e-02
-5.223794271338652040e-01 7.165556439206453854e-02
-5.520770589009945661e-01 3.294349259497481031e-02
-5.392634610314837040e-01 5.692120590108343259e-02
-5.227749126309223504e-01 7.168106227240286787e-02
-5.339086778571018321e-01 7.379371329473735641e-02
-5.505261200845512626e-01 7.757133203188057435e-02
-5.268453458958392011e-01 8.141798423135614138e-02
-5.060783752028609195e-01 7.942168410411722113e-02
-5.809732322066568644e-01 6.399467467016724254e-02
-5.740123099651036620e-01 -1.676755955009055082e-02
-5.306892910031645316e-01 6.957701361676425778e-02
-5.556078513546204301e-01 3.467051410237717568e-02
-5.478717315088548201e-01 -1.227853874744400629e-02
-5.263359708136112758e-01 2.976801042794823687e-02
-5.440321660840677920e-01 -4.453197729344650357e-02
-4.831373121572549723e-01 -1.149213646436379882e-01
-5.110612229110149674e-01 -1.154727558652273584e-02
-5.030791193538218797e-01 1.572503019931318080e-01
-5.993817429336841807e-01 -8.533162385823276491e-03
-5.759959155502071271e-01 2.641195258544367097e-01
-5.578887822333484792e-01 1.469053994502277916e-01
-5.787225195046087345e-01 1.485082751800720080e-01
-6.437790522935322723e-01 7.660897562866224308e-02
-6.369592770962905215e-01 2.160176499649191229e-01
-4.499437669733470369e-01 1.131783202375999248e-01
-2.536131418606083487e-01 -3.008036060405295392e-02
-6.614882286903726039e-01 1.643527879701908168e-01
-7.703956335533894695e-01 3.613706838553187167e-02
-2.027504292432235067e-01 2.433829949865249642e-01
-8.136747599806107845e-01 -2.770508393178611889e-02
-3.074154410910666102e-01 -7.927066829484630262e-02
-5.858302728168419682e-01 6.116635467237091506e-02
-8.480792816596133266e-01 1.265792546845287081e+00
-8.088161414700745233e-01 1.099216413017414906e+00
-9.016774154790834217e-01 1.450755217802003783e+00
-8.963644838133802972e-01 1.437831344255998678e+00
-8.651338981003054984e-01 1.330964442955049787e+00
-8.836951263961632108e-01 1.414228067988911430e+00
-9.029558921423922468e-01 1.463401698364144021e+00
-9.090752580110249559e-01 1.401667405237755126e+00
-9.218115441218500683e-01 1.502120027991220352e+00
-9.083655068668526900e-01 1.515631220689156011e+00
-9.002409430213068608e-01 1.496514127114590975e+00
-9.141103717073213453e-01 1.505834105227620068e+00
-9.076382525287696179e-01 1.541061972344291542e+00
-9.438211269595144781e-01 1.595950581215504593e+00
-9.239702562833631561e-01 1.594996002093266751e+00
-9.416475907872360329e-01 1.650954701608423392e+00
-9.492762804013443745e-01 1.576830528528727626e+00
-1.019908311245717902e+00 1.746091089467112223e+00
-9.381585451918508234e-01 1.647275630551439329e+00
-9.699148700503938958e-01 1.771505578036133066e+00
-9.748340654945049089e-01 1.686745296882575129e+00
-1.004115238071408678e+00 1.767203406218688100e+00
-1.029520083419289911e+00 1.800875640151725188e+00
-1.006337474043726532e+00 1.770139490470885368e+00
-9.613898446885209559e-01 1.745573441132007853e+00
-1.030962054570946362e+00 1.848211069640813831e+00
-1.069861991322354378e+00 1.978244866187423456e+00
-9.625571857547622345e-01 1.817712634699971908e+00
-1.002642423420144979e+00 1.882117955190744096e+00
-1.107622660847101592e+00 1.928458398382309591e+00
-1.105370226955044277e+00 1.851739169975283872e+00
-1.072596267165329964e+00 1.957190140693901403e+00
-1.133093901179606178e+00 1.998916027062875855e+00
-1.045251197416957156e+00 1.991821129895570364e+00
-1.089768489520738459e+00 1.970120105605955407e+00
-1.120175013766165684e+00 2.014213589143832639e+00
-1.117713018650392298e+00 2.020906299982603738e+00
-1.093181772287565634e+00 2.072786297852892368e+00
-1.137817158667004058e+00 2.094744088751667732e+00
-8.727533235209000706e-01 2.223230034329231497e+00
-1.004622184242919269e+00 2.041668725631585968e+00
-1.079514418687160360e+00 2.131733755842661893e+00
-1.289435938729729614e+00 2.178682870083157308e+00
-1.057257187266956722e+00 2.290636367158293663e+00
-1.142456588812618579e+00 2.416663742017740368e+00
-1.195455374403272319e+00 2.063835406619785928e+00
-1.225750270921510010e+00 2.154463432259019928e+00
-1.228913096517094461e+00 2.161983509662436909e+00
-1.265691219850939797e+00 2.342550076222313926e+00
-1.205912973152433176e+00 2.316392886524605732e+00
-6.231655870643073580e-01 -1.870599614891014673e+00
-5.969168751986417831e-01 -1.765075131965817112e+00
-6.357615427948658526e-01 -2.015919934984853334e+00
-6.254568859256255386e-01 -2.048636731463939764e+00
-6.071921606188006582e-01 -1.929603036950882755e+00
-6.245171937359871306e-01 -2.048300163041255839e+00
-6.122629625991190538e-01 -2.012846792413342190e+00
-6.087532138469506915e-01 -2.030417321233175532e+00
-6.157976088754861799e-01 -1.940048982985217441e+00
-6.234236464627292973e-01 -2.069271244706827773e+00
-6.383747804908957990e-01 -2.099021784497911547e+00
-6.495744967082380805e-01 -1.987930770663389746e+00
-6.523159677961003489e-01 -1.938482162660520647e+00
-6.002797046745613763e-01 -2.072870688078925827e+00
-5.998073601117284159e-01 -2.034172021922286966e+00
-6.138940044566137955e-01 -2.018919135487009964e+00
-6.299470542560521302e-01 -2.068576560967451794e+00
-6.177142614235927587e-01 -2.150567048795217318e+00
-6.187248803193108326e-01 -2.182239609202556885e+00
-6.365377265718368260e-01 -2.139066997712909313e+00
-6.904898777952492850e-01 -2.195723286360180548e+00
-6.398065976977077574e-01 -2.271048148526761512e+00
-6.489145968930005726e-01 -2.123709853139839066e+00
-6.762000531103651291e-01 -2.213697769777206670e+00
-7.186208155501864203e-01 -2.009771505343989517e+00
-6.223621845427110832e-01 -2.214032645622262319e+00
-6.806951429475953663e-01 -2.281909213051372287e+00
-6.839760823811628088e-01 -2.288790578253594887e+00
-6.319577638418913956e-01 -2.263620302278132712e+00
-6.332102561886397973e-01 -2.220816033231412856e+00
-5.988567931467482230e-01 -2.326323663082662030e+00
-7.713412197711596585e-01 -2.071012891839065784e+00
-7.706959008149215640e-01 -2.353811324021259477e+00
-6.721919901549257004e-01 -2.364993535614944076e+00
-8.779419721685008948e-01 -2.301246236010945800e+00
-6.050394409813720786e-01 -2.547297997197968122e+00
-5.664975069541752228e-01 -2.549983774795872460e+00
-6.153534610512474412e-01 -2.362643078981062850e+00
-6.202927422141457647e-01 -2.483502151060853702e+00
-7.254164818759137878e-01 -2.583260542431713880e+00
-5.475516145072619745e-01 -2.472119545682177399e+00
-5.600569212922005269e-01 -2.590893831827674187e+00
-6.233775180175989972e-01 -2.531652687959677017e+00
-6.928768986801832064e-01 -2.640947462579051663e+00
-6.713992290739632107e-01 -2.725291868556068753e+00
-6.643914459737272349e-01 -2.637023231343424090e+00
-7.532840740777811961e-01 -2.609184572571596750e+00
-8.156831075915238483e-01 -2.683286864552230089e+00
-6.787290138450527976e-01 -2.712980440378201408e+00
-7.396881933383330221e-01 -2.791605354813497808e+00
7.440826251632862709e-01 4.104845572588845748e+00
6.520429359678034942e-01 4.017356679968750122e+00
7.339362308945008850e-01 4.087211404049994279e+00
7.704599453754419347e-01 4.148655842140692052e+00
7.487101725721347911e-01 4.116961896858389203e+00
7.705510839792484301e-01 4.159095945785217019e+00
7.209475473806785661e-01 3.993824843276502889e+00
7.965196934066742784e-01 4.197918306435007629e+00
7.543521072621867107e-01 4.053623988944744738e+00
8.035792108448281956e-01 4.213345185316144992e+00
8.151241042684823634e-01 4.221400319958178216e+00
7.047397348386646998e-01 3.981808645557659343e+00
7.923850816802628927e-01 4.193994102592012219e+00
8.339009713623632969e-01 4.276776741586219011e+00
8.232350907564227604e-01 4.252424789332303945e+00
7.693282384151320930e-01 4.132651765091994278e+00
8.173023830947675483e-01 4.240987969407921554e+00
7.735540807137383235e-01 4.070096487171384503e+00
8.479487827206133588e-01 4.336922632433068081e+00
8.768125430907274254e-01 4.343830416296809993e+00
8.382590819212213384e-01 4.277484285053187563e+00
8.356626492445567989e-01 4.292300165684006075e+00
8.253205709148315750e-01 4.260936918955520625e+00
8.189667746756005284e-01 4.279182543121641480e+00
9.249764683392536213e-01 4.359212015460274259e+00
8.088008119079203029e-01 4.040812466319132490e+00
8.307371189776907583e-01 4.279944213563630306e+00
8.773233212352042898e-01 4.137528173648044039e+00
9.273706620886623675e-01 4.433702411630647156e+00
9.078436961821458873e-01 4.358580917340542094e+00
8.188791139842475086e-01 4.259475082640867605e+00
9.114163541169177929e-01 4.427343855146621543e+00
8.138572540562003521e-01 4.240643235513288367e+00
9.147315052448187211e-01 4.543236488664196493e+00
9.137629933966772144e-01 4.470304906787183619e+00
8.511220556446521535e-01 4.430987937666806431e+00
9.321790483784925252e-01 4.483089477178559434e+00
8.705193843362818429e-01 4.378428426224465042e+00
9.516347120097806700e-01 4.593691467262886796e+00
9.963311720400561677e-01 4.488799677592330895e+00
9.725912268920277048e-01 4.684411643090727217e+00
1.117708857518425969e+00 4.676866135952538528e+00
9.840379114577035846e-01 4.674202004372467023e+00
9.164273574892513041e-01 4.713216370705025859e+00
1.062695766575748157e+00 4.690882200026377014e+00
1.090743907403916690e+00 4.710188850539475780e+00
1.095286419808301215e+00 4.616098795630933616e+00
9.348686310155365220e-01 4.512362105275467883e+00
1.034480886526125687e+00 4.743168950500908920e+00
1.026934535192017828e+00 4.668078886363385749e+00
1.080871765479909152e+00 -3.852297420926607874e+00
1.032961492600636966e+00 -3.888848687249041980e+00
1.578128697963495419e+00 -3.472237700178173458e+00
1.089141327832589656e+00 -3.880630896343858272e+00
1.469384697942363260e+00 -3.458464905174572834e+00
1.003278831145056449e+00 -3.845765274522990218e+00
1.111774370443957993e+00 -3.964414172593134555e+00
1.780344742363620281e+00 -3.368121762958061094e+00
1.088399915076670110e+00 -3.987724920977735010e+00
1.101349659953159144e+00 -3.982640640251497999e+00
1.027605247341296435e+00 -3.933881959056340083e+00
1.172093354481713590e+00 -3.930107670022462418e+00
1.197975949709392030e+00 -3.990002846269584236e+00
1.130383166629874703e+00 -4.006497724353949685e+00
1.154336703447423007e+00 -4.032895481861922704e+00
1.142653018482480354e+00 -3.991495341494025073e+00
1.741465207336113874e+00 -3.548073052102541425e+00
1.112538286551675082e+00 -4.053377936133276904e+00
1.104313206305214790e+00 -3.977907303082192314e+00
1.097452791585157961e+00 -4.141429350987591462e+00
1.887732965515653172e+00 -3.415970300093503997e+00
1.783624563501908344e+00 -3.496612763280278369e+00
1.145854309521634917e+00 -4.127639254597321283e+00
1.080459355100033880e+00 -3.898957390768012399e+00
1.088052547896609434e+00 -4.080707067049021752e+00
1.807426292260424949e+00 -3.490052562477589326e+00
1.117491841855046575e+00 -4.194675684928073522e+00
1.805987856995222129e+00 -3.514915933727143837e+00
1.209808575313695567e+00 -4.189434023677875096e+00
1.737953347981485264e+00 -3.539726580723261407e+00
1.182414855286809008e+00 -4.261846522682221305e+00
1.131720351762572019e+00 -4.210385380761992202e+00
1.129124377248964084e+00 -4.321926241211423658e+00
1.189134792885103042e+00 -4.237849314590981464e+00
1.125621471528457818e+00 -4.257042802250611935e+00
1.178014708583908776e+00 -4.307281607943752810e+00
1.971883915888472227e+00 -3.530712397563580573e+00
1.113548237730553225e+00 -4.346111244485602931e+00
1.091160943084019896e+00 -4.372799415878228402e+00
1.189347503833418473e+00 -4.453357992565729617e+00
1.167062176201242085e+00 -4.413831144414754881e+00
1.929981627775919195e+00 -3.463701506956980314e+00
1.224093259317328153e+00 -4.459992143447833790e+00
2.131134402979762310e+00 -3.377687228061673874e+00
1.960209610719722439e+00 -3.524545943379503221e+00
1.128493755874026672e+00 -4.567297989867442176e+00
1.172820200615910080e+00 -4.460894540394774843e+00
1.214188718404744849e+00 -4.428482133700422985e+00
2.015664469675991555e+00 -3.699435217757862215e+00
2.028911371789194451e+00 -3.693774582393824168e+00
