-9.642391310654288006e+00 -3.855396273879506674e-01
-2.234314774432120121e+00 3.687434988510416733e+00
-1.515748841402847935e+00 2.154776695802256370e+01
-5.744944151753365869e-02 -8.344566218094128018e+00
-1.927274374631730325e+01 -1.004845555779177424e+01
7.739626569562726210e+00 9.057241648417178936e+00
-1.149420904221742390e+01 -9.336125576960562000e+00
-8.258976726676612756e+00 5.170743215982083640e+00
-2.613331981035285168e+01 5.179762357161328545e-02
1.770270307096913687e+00 -2.212740780502914895e+00
-1.483258003765748079e+01 5.710190951251186142e+00
-5.794752013054884188e+00 -8.330920474944001342e+00
-2.356473475726091849e+01 8.134956321906393839e+00
-1.455534705709127863e+01 -1.736213192015222617e+01
-1.646869748341756434e+01 -4.206502587037387997e+00
-2.728749735917966746e+01 -9.089410701453644492e+00
1.122240000969242502e+01 2.847155425686765540e+01
-4.696958493896371323e+01 -1.215255723142871602e+01
-4.454501361804496185e+00 -2.801685000344372956e+00
7.010632443358744581e+00 3.063247262365770496e+00
-3.966630987181776646e+01 2.373033188045386765e+01
-3.512946881424862511e+01 -4.608543857059926196e+00
1.212701920666130029e+01 -3.318787480465203554e+00
-4.064510067260062698e+01 3.227050030508681111e+00
-3.976867145207757659e+01 -2.904405286194350921e+01
-4.967636727001037755e+00 1.187920853320682646e+01
-1.942048630277434640e+01 3.113705201640677434e-01
-5.880115777805150046e+00 -2.070377405909880508e+01
1.473526479756685781e+01 4.716285626976405077e+00
3.640152245110470375e+01 -8.106781227902775555e+00
2.269891353706190529e+01 4.908140916279556620e+00
1.138470812885977779e+01 -1.179653132447100283e+01
-9.498576963091419856e+00 6.758166421547994673e+01
-4.735351418965887405e+01 6.456567639031766781e+00
1.652753729570011432e+00 -1.676679667034105847e+01
4.695877155289283955e+00 -4.785312531244035483e+01
1.686680966915676905e+01 5.625421926606080092e+01
-3.204778282750393004e+01 -1.634204754623155154e+01
-5.209318021020052214e+01 4.988383001365910729e+01
-1.688955930701671804e+01 3.203819319836789248e+01
8.332503404208917885e+00 1.528444063405352260e+01
-2.103991511717808649e+01 2.342992299977843018e+01
4.745718006807243228e+01 1.692154212715313022e-01
-6.098096846582588881e+01 2.200106980613704799e+00
4.166089199994952708e+01 -3.517528271908899029e+01
8.019936751828784338e+01 5.270039151483109308e+00
3.711561169106074232e+01 -1.893422112434400262e+01
-2.778817863253449261e+01 3.248319735065294367e+01
4.348266403461468199e-01 5.159238627345663986e+01
1.446237784625455625e+01 1.260722716017174960e+01
-8.091372700225743841e+00 3.001874034220724141e+01
7.342390325898184855e+00 2.159635016044024525e+01
6.065305986421204665e+01 3.634598810146966397e+00
4.683401593575497657e+01 2.733683419871772458e+01
-4.040188531524989202e+01 -4.555426052013065430e+01
-5.722113995174063206e+01 -2.758453017919945083e+01
-4.971170510608546422e+00 -3.365482149719136373e+01
-2.549092857965624503e+01 -3.566149537322876739e+01
6.574866944584621820e+01 6.640473387482881407e-01
-4.507850559790303890e+01 -3.483617502555260614e+01
-3.454455551385624545e+01 1.359808569153670810e+01
-2.389178435163253766e+01 -1.893641884888418048e+01
-1.565014405284368948e+01 -2.539606898835677029e+01
5.591956300086468445e+01 1.878689615424466908e+01
5.527925857720252800e+00 4.096657075745047649e+01
2.084513668248824914e+01 1.385669215754636951e+01
7.571935277259014718e+00 -5.440604634785361071e+01
-2.080830205600190652e+01 4.239499905105144251e+01
-2.461035448128535563e+01 -4.904273960058832671e+01
2.600035817118156345e+01 -4.701929406106874154e+00
7.946059477783419034e+00 -2.460651820014741631e+01
6.931846952670522199e+00 -6.164496737704804730e+01
2.993915044403218673e+01 4.574022971841726815e+01
-3.729169219581978467e+01 3.960742979100860595e+01
3.969132860908986515e+01 3.911504085933093400e+00
-6.705351532826417937e+00 -4.067326366507155910e+01
2.783686446609767984e+01 3.337942389555777822e+01
2.289400117033377313e+01 -3.824668167597620538e+01
7.754791031186887551e+01 -6.212373682249476303e+01
2.358906817038657167e+01 -2.750250552091699419e+01
3.829153114096907728e+01 4.417605053761614187e+01
4.614174495676507171e+00 6.736969148136374486e+01
5.019833204252068981e+01 -1.978427337784539120e+01
2.432789691879034777e+01 -1.652827618483928518e+01
-3.387760299646074458e+01 -6.267378660275485913e+01
3.936207476084819490e+01 1.713575246954108167e+01
2.524921111779401173e+01 -4.263203858169080718e+01
-1.114073954887559204e+01 3.976762072368887146e+01
4.007602594408580643e+01 5.581398783427285082e+01
1.680162880718096474e+01 2.068551092081024478e+01
-7.536531869031229292e+00 -8.820598100899931637e+01
-1.606779077201836969e+01 5.645003155787744475e+01
-1.124840839499616152e+01 -5.500010758870831040e+01
-9.520064112222096142e+00 -7.095428892163725720e+01
-1.400181793471231195e+01 1.396751051300895874e+01
-2.816112432299373225e+01 6.553699547644797008e+01
9.350419096738104230e+00 -3.567036503415281601e+01
2.839420394822035831e+01 2.343302123897325728e+01
-1.431881959295679962e+01 2.153391736594771544e+01
-1.111721907333747517e+01 2.266092288213672390e+01
